0 0 0 0 0 0 0.6465266 1 1
0 0 0 0 0 0 0.6465266 1 1
0 0 0 0 0 0 0.6465266 1 1
0 0 0 0 0 0 0.6465266 1 1
0 0 0 0 0 0 0.6465266 1 1
0 0 0 0 0 0 0.6465266 1 1
0 0 0 0 0 0 0.6465266 1 1
0 0 0 0 0 0 0.6465266 1 1
0 0 0 0 0 0 0.6465266 1 1
0 0 0 0 0 0 0.6465266 1 1
0 0 0 0 0 0 0.6465266 1 1
0 0 0 0 0 0 0.6465266 1 1
0 0 0 0 0 0 0.6465266 1 1
0 0 0 0 0 0 0.6465266 1 1
0 0 0 0 0 0 0.6465266 1 1
0 0 0 0 0 0 0.6465266 1 1
0 0 0 0 0 0 0.6465266 1 1
0 0 0 0 0 0 0.6465266 1 1
0 0 0 0 0 0 0.6465266 1 1
0 0 0 0 0 0 0.6465268 1 1
0 0 0 0 0 0 0.6465268 1 1
0 0 1 0 0 0 0.6465268 1 1
0 0 1 0 0 0 0.6465268 1 1
0 0 0 0 0 0 0.6465268 1 1
0 0 0 0 0 0 0.6465268 1 1
0 0 0 0 0 0 0.6465268 1 1
0 0 0 0 0 0 0.6465268 1 1
0 0 0 0 0 0 0.6465268 1 1
0 0 0 0 0 0 0.6465268 1 1
0 0 0 0 0 0 0.6465276 1 1
0 0 0 0 0 0 0.6465276 1 1
0 0 0 0 0 0 0.6465276 1 1
0 0 0 0 0 0 0.6465276 1 1
0 0 0 0 0 0 0.6465276 1 1
0 0 0 0 0 0 0.6465276 1 1
0 0 0 0 0 0 0.6465276 1 1
0 0 0 0 0 0 0.6465276 1 1
0 0 0 0 0 0 0.6465276 1 1
0 0 0 0 0 0 0.6465278 1 1
0 0 0 0 0 0 0.6465278 1 1
0 0 0 0 0 0 0.6465278 1 1
0 0 0 0 0 0 0.6234825 1 1
0 0 0 0 0 0 0.6234825 1 1
0 0 0 0 0 0 0.6234825 1 1
0 1 0 0 0 0 0.6012891 1 1
0 1 0 0 0 0 0.5930195 1 1
0 1 1 0 0 0 0.5930195 1 1