5
9
9
-5.630566
3.431468
-2.128622
1.258835
-0.737380
-1.585832
-0.434220
0.234326
-0.084620
-3.139735
4.410215
-3.806179
-0.593593
1.748667
-2.209308
-1.215158
-1.852535
0.134029
-1.262329
1.518894
0.294232
0.927365
4.178964
0.689621
-4.068890
-1.321323
-0.962813
0.716785
-0.345774
5.085009
-0.837361
1.342925
0.782249
-4.654923
2.142357
-1.335399
-1.332736
-0.016308
-1.622461
0.977872
-0.638045
0.822191
-0.840086
-4.944127
2.728754
-1.396618
0.017187
0.701248
0.572153
-2.049685
-1.343627
2.123980
-3.681049
2.538647
-4.809363
-1.048171
0.652838
1.032500
1.739828
2.005564
1.732142
-3.015038
-3.595293
-2.779752
2.170018
-1.421811
0.087202
0.615979
0.985421
0.784288
-1.041532
-2.036780
4.129786
-1.501037
1.065967
-1.228064
1.494448
0.781162
2.668173
-2.313156
2.758263
-4.077514
-1.583306
-0.800342
-2.267697
-1.126052
0.686673
0.162177
0.199208
-3.832059
9
9
-2.716228
0.845357
-3.271102
0.812848
-6.028681
-0.159109
-1.671675
-1.895319
-1.428188
3.113793
-0.689624
-0.916344
0.535109
-1.420165
1.106302
-1.102572
-1.585207
1.149021
-3.576098
0.829829
0.642873
-0.306432
-3.344955
-0.284877
0.214209
-1.148058
-0.426199
-4.457041
0.048960
2.317675
-1.076237
-2.376997
-3.928138
-0.184638
-6.095036
-1.105824
1.234839
5.311816
4.929039
-0.168890
0.814308
-1.921549
-5.055913
-2.768574
1.009955
-2.008573
2.254274
-0.795761
-1.559799
0.686781
-2.516478
-0.680949
3.482123
-0.979069
-4.027220
-1.504272
-2.391775
-1.116220
-0.725072
-0.009512
-1.024057
-2.885880
6.202716
-3.147060
-0.532492
-1.896023
-0.932175
3.927562
2.776248
-1.612598
-1.849059
-0.745028
2.908543
-1.477769
2.064505
-1.293905
-2.080746
0.858939
-2.675914
-0.317438
-4.358843
-1.500026
-1.430668
-1.912109
0.201851
-1.620574
-0.614561
2.360438
-1.059184
-2.104232
9
9
-1.303210
-1.957956
-1.431000
-1.574154
0.375725
-0.775429
-1.448210
-5.585597
2.244402
1.199957
-1.630922
-1.317407
-1.163931
-1.178077
-1.132889
-1.202036
-2.921648
0.154446
-3.188494
2.206413
-0.345424
-0.592824
-1.686838
-2.053002
-3.891916
-0.112566
-0.073768
-3.936380
0.243661
4.665436
-0.731364
-1.106403
-0.745586
-1.533648
-4.806079
-1.489261
1.198020
-1.695867
2.354184
3.225121
-2.154262
-1.060858
-2.215431
-0.627087
4.123285
-1.302503
2.611576
-2.295383
-4.241121
2.293283
-1.084094
-1.273111
-1.297966
-1.094361
-2.378271
-1.097482
-0.761400
1.361389
0.696256
2.272497
-0.838842
-0.473188
-0.660102
-0.959105
-3.220103
-1.174519
-2.700884
2.023330
-1.222561
2.001158
-0.714821
-0.304158
-1.683597
-0.578479
0.969229
-1.723477
-2.756145
2.079278
-6.311985
2.534939
-1.427984
-2.127350
-2.193162
-1.791334
3.843131
-2.719278
-2.142370
5.556576
2.144415
0.133230
9
9
-1.211521
-0.734174
-0.676853
-1.030683
-3.221565
-1.255426
-0.625989
-3.524756
0.957127
2.265824
-0.699494
-1.108568
-1.004215
-1.228048
-3.062398
-1.736682
0.558822
-3.159059
-2.511100
2.539166
-1.029087
-1.505177
-0.997306
-1.071375
0.855536
-1.890336
-1.766129
2.150257
-4.856258
1.444811
-1.466723
-1.025921
-1.113977
-1.136368
2.731627
-1.928721
-0.960469
1.610210
-2.313505
0.298377
-1.164009
-0.977868
-1.163662
-1.326136
4.965665
-0.205795
-0.372945
-4.029819
3.175400
1.708560
-1.121355
-1.152646
-0.837036
-1.236850
-3.365087
-1.710551
-0.769301
0.609069
-2.910901
3.437467
-1.704356
-1.437070
-1.659694
-1.336430
2.129045
-2.336203
-0.227298
1.241442
0.113667
2.041677
-1.863835
-2.382646
-1.615943
-0.961151
1.603509
-3.841376
2.147658
-5.521310
2.585051
0.608986
-0.539640
-0.648738
-1.257015
-1.275233
-4.782332
-0.479401
-3.749981
2.769126
2.869001
4.512718
2
9
-1.532946
0.381799
-0.373101
-2.126381
0.281024
4.787702
-1.067424
0.148580
-0.252593
-0.376680
0.100845
0.053661
-4.406405
1.820866
0.000009
-4.533731
0.014355
0.000000
4.724430
0.587453
-0.229887
4.231336
0.607167
-0.190188
4.565189
1.467275
4.724430
504999
