5
9
9
-4.345687
3.162923
-0.958545
1.270556
-1.271363
-1.017454
-0.024910
0.820921
-0.155136
3.921971
3.874931
-3.590898
0.563932
1.475727
-1.077089
-1.290866
-1.278693
0.638219
-1.010480
-1.514191
-1.339630
0.029192
2.811197
1.043185
-3.433453
-1.505420
-0.619848
0.326713
-0.709893
-1.980234
-1.385205
1.303379
1.620667
-3.572834
2.812746
-0.891163
-0.053024
0.933792
0.676337
5.223813
-0.259965
1.215556
0.569841
-2.800684
2.738543
-0.924482
0.091320
0.791555
-1.946904
3.371128
-1.277746
0.967703
-3.148533
2.282813
-4.368167
-0.901256
0.240725
0.751260
0.226675
1.333490
0.916081
-1.438178
-3.886295
-2.738206
1.006657
-1.396862
-0.388609
0.472201
0.436634
-0.677018
-1.521604
-1.372418
1.754792
-1.664563
-1.397621
-1.242498
0.864136
0.008636
2.051007
-6.703345
1.816078
-4.368941
-0.890000
-1.038866
-2.127581
-0.818865
0.674690
0.121893
-0.302948
-0.668864
9
9
0.471596
0.574330
-0.936284
-0.272480
-3.097046
-0.912402
-1.224132
-3.376339
-2.046832
2.503937
-3.681063
-2.481051
4.668931
-0.004672
2.955989
-0.690431
-1.610077
-1.818758
-2.984633
0.797682
-1.392191
-0.827476
-3.115671
-0.334884
1.764072
-0.609476
-0.396422
-2.792890
2.803454
4.818347
-1.508908
-3.574591
-0.612830
-1.727588
-2.071313
-0.824785
2.896656
1.732127
2.308431
0.599208
-1.812276
-1.584581
-4.749138
-2.647376
1.054946
-1.168009
3.291941
0.152432
-0.276514
-0.391677
-2.014526
1.873298
0.780916
1.810677
-3.592883
-1.230679
-1.132185
2.219822
-1.587373
1.149979
-1.061611
-3.160251
3.238443
-2.401080
-0.234860
-0.997554
-3.005422
0.645540
2.546191
-0.168306
-2.187314
0.799286
1.335771
-1.852444
1.916421
-1.011530
-1.692875
-0.446226
-1.760713
-0.774269
0.584099
0.443791
-0.973967
-2.242595
1.996538
-1.253933
-1.946529
3.518350
-2.257219
-0.491225
9
9
-1.085502
-1.308257
-2.363928
-1.381480
0.827220
-0.963300
-2.375324
-4.430354
1.177524
-0.048828
-1.739984
-1.345288
0.545946
-0.630128
0.211483
-1.061130
-2.739938
-0.169594
-2.906844
-0.593790
-0.404638
-0.903862
0.486035
-1.056762
-3.039335
-1.194639
1.253508
-5.547849
0.397302
0.157501
-0.369777
-0.825072
0.977055
-1.236409
-4.557003
-1.326066
1.444212
-1.114116
1.506588
-0.063197
-1.893122
-0.929581
-2.047389
-0.929508
2.197805
-1.584315
1.369263
-2.991213
-1.300632
0.022230
-0.967569
-1.229180
-2.733174
-0.839199
-2.351845
-1.048330
0.151869
1.278751
0.499005
0.867021
-0.611848
-0.303693
-0.622201
-1.320065
-5.168469
0.216425
-2.523247
2.803851
-0.390814
0.610345
-0.264489
-1.214506
-1.441248
-1.400121
0.775369
-0.143806
-1.112282
2.433706
-4.425403
-0.212632
-1.689463
-1.578442
-2.359590
-1.333222
0.661797
-1.393433
-0.208203
5.206397
2.517842
-0.099277
9
9
-0.875619
-0.521702
1.568294
-0.643187
-2.848598
-0.960638
-0.336370
-2.475442
0.791101
3.472569
-0.490494
-0.884197
0.048388
-0.985250
-2.235172
-0.999374
0.238387
-2.313233
-1.499676
1.972895
-0.680903
-1.209612
-0.303617
-0.778624
0.580154
-0.911580
-1.556746
1.987868
-3.548185
3.644345
-1.270983
-0.687556
-1.265032
-0.910142
1.873214
-1.166365
-0.631902
1.068803
-2.105664
0.545066
-1.737607
-1.069642
-1.739458
-1.173080
3.490400
-1.005380
-1.102437
-2.963268
0.222940
-0.449846
-0.822506
-0.814454
0.713861
-0.934761
-2.989446
-0.686561
0.390292
1.144716
-1.718365
2.041137
-1.840390
-1.031140
-2.463445
-1.089200
1.992877
-1.163561
-0.879063
0.504489
-1.505352
1.049848
-0.799658
-0.917071
-1.099077
-0.565801
1.245373
-1.129783
-1.281646
-4.960137
2.024960
2.270943
-1.009781
-0.973070
-2.697064
-1.121310
-3.705378
-0.856168
-0.377562
2.361258
2.371175
0.161383
1
9
-2.257181
2.172186
-1.114275
0.262059
-2.929764
0.136372
-0.622803
0.185025
4.143822
0.049559
-1.167773
-0.252593
-1.173237
-0.022678
-3.167352
0.053661
1.997223
0.189639
0
