5
9
9
-4.224000
3.284610
-0.836858
1.392243
-1.149676
-0.895767
0.096777
0.942608
-0.033449
6.090439
3.560241
-3.905588
0.249242
1.161037
-1.391779
-1.605556
-1.593383
0.323529
-1.325170
-7.121968
-1.315748
0.053074
2.835079
1.067067
-3.409571
-1.481538
-0.595966
0.350595
-0.686011
-1.554572
-1.477539
1.211045
1.528333
-3.665168
2.720412
-0.983497
-0.145358
0.841458
0.584003
3.578486
-0.251360
1.224161
0.578446
-2.792079
2.747148
-0.915877
0.099925
0.800160
-1.938299
3.524432
-1.137745
1.107704
-3.008532
2.422814
-4.228166
-0.761255
0.380726
0.891261
0.366676
3.828339
1.034450
-1.319809
-3.767926
-2.619837
1.125026
-1.278493
-0.270240
0.590570
0.555003
1.432329
-1.129673
-0.980487
2.146723
-1.272632
-1.005690
-0.850567
1.256067
0.400567
2.442938
0.280876
1.657141
-4.527878
-1.048937
-1.197803
-2.286518
-0.977802
0.515753
-0.037044
-0.461885
-3.501175
9
9
-0.636561
4.152923
-1.664307
-0.078338
0.653116
-1.138867
-3.010979
-7.780548
-1.030535
4.040663
-1.573712
-2.459657
1.880284
-0.027667
2.020755
-0.881273
-1.081700
-1.154157
-1.309462
5.554511
7.665910
-0.117770
-4.826725
-0.597523
-2.123748
-1.032324
5.770426
4.396100
5.409705
5.110749
-5.071437
-2.578539
-1.332220
-1.346636
-10.193584
-1.227545
-0.742553
6.997056
12.603801
0.391134
-1.010613
-4.204850
-4.460629
-2.715846
1.434540
-1.363298
6.155478
1.211129
4.854411
5.217956
-2.192552
0.089294
-2.634703
1.364248
-7.657507
-1.197414
-2.533558
6.196449
8.170309
0.050862
-0.043409
-3.661197
1.685692
-2.385218
-0.799842
-1.232613
-2.982965
3.057441
1.392082
-1.351731
-0.307678
2.824632
4.660989
-2.095267
3.808069
-1.070857
1.873140
-2.219392
-0.174626
-4.973396
-1.129543
8.136217
-4.513703
-2.644298
1.029471
-1.381264
-1.874077
-0.499714
-8.021396
-3.773843
9
9
-1.542642
-1.830029
-1.077935
-3.596426
1.235241
-0.988659
-3.686983
-6.467965
3.037115
-1.057174
-2.354061
-0.711103
-0.051394
-1.116753
0.898628
0.584075
-1.934988
1.311866
-6.374645
5.882030
0.339965
-5.133007
1.085073
-1.528703
-3.957956
-0.706959
0.082144
-6.023451
1.969382
5.135357
-0.410003
-0.827770
1.235426
-1.261006
-4.444058
-1.329847
1.325896
-1.156004
1.609822
4.977335
-2.469868
1.063987
-10.028718
-5.889380
4.341076
2.995800
5.939147
0.105105
-3.422443
-1.067270
-1.014169
-1.280746
-2.670449
-0.852435
-2.173138
-0.914288
0.223019
1.288629
0.408966
6.861787
-0.931754
-2.495806
-0.968018
-1.235848
-3.016955
-3.306078
-4.165745
4.866358
-0.795036
1.868593
0.343410
-2.358307
-5.002802
-1.261259
2.230147
-4.248453
-2.947913
2.654057
-3.622297
2.706492
-1.061938
1.399896
-6.098865
-2.396343
6.031016
-2.842314
-5.518538
4.683607
6.717603
1.089595
9
9
-1.207239
-0.682738
1.262726
-0.714002
-2.867948
-1.146565
-0.638417
-2.535990
-0.012532
1.302275
-0.542201
-0.899649
-0.249403
-1.053081
-0.930665
-1.244959
1.190123
-2.254486
-4.698970
1.538861
-0.986461
-1.721868
-0.908225
-0.952024
3.795250
-1.268642
-7.183459
4.707045
-8.883190
0.340795
-1.339743
-0.723648
-1.614937
-0.969235
4.802523
-1.323425
-2.225939
3.522623
-5.029148
0.222068
-0.947858
-0.704361
-1.624389
-1.130462
3.342445
-1.096635
1.407584
-6.641352
0.829993
0.216162
-1.024665
-1.082644
0.049066
-1.089410
-3.538796
-1.180883
0.981381
4.067333
-4.630546
0.609125
-1.412582
-0.395923
-2.412768
-0.961919
3.954923
-1.113093
5.110822
4.039071
-6.304287
2.063951
-0.413132
-0.519903
-1.310809
-0.511349
1.950849
-1.169311
0.075270
-4.961321
5.892133
2.721092
-0.436544
-0.813979
-2.623359
-1.149194
-8.147545
-0.930961
-0.335219
2.661577
1.449702
2.365720
3
9
-0.615583
0.214762
-0.058861
-2.597772
-0.674203
0.225254
0.057012
-6.281492
0.388792
0.054375
0.041520
-6.024397
0.163057
-0.293866
-0.095062
-0.160744
-9.963825
0.221921
0.135347
0.077355
0.343410
0.021342
0.168050
0.279125
7.607239
0.178451
0.209287
0.234208
4.764574
0.070159
-0.149611
0.139320
-9.605311
0.128333
-0.251109
0.183926
0
