5
9
9
-3.691378
3.817232
-0.304236
1.924865
-0.617054
-0.363145
0.629399
1.475230
0.499173
15.581751
3.199781
-4.266048
-0.111218
0.800577
-1.752239
-1.966016
-1.953843
-0.036931
-1.685630
-13.545361
-2.040026
-0.671204
2.110801
0.342789
-4.133849
-2.205816
-1.320244
-0.373683
-1.410289
-14.461295
-1.016964
1.671620
1.988908
-3.204593
3.180987
-0.522922
0.315217
1.302033
1.044578
11.785863
0.392746
1.868267
1.222552
-2.147973
3.391254
-0.271771
0.744031
1.444266
-1.294193
15.002427
-1.802342
0.443107
-3.673129
1.758217
-4.892763
-1.425852
-0.283871
0.226664
-0.297921
-8.014810
1.393388
-0.960871
-3.408988
-2.260899
1.483964
-0.919555
0.088698
0.949508
0.913941
7.828605
-1.934769
-1.785583
1.341627
-2.077728
-1.810786
-1.655663
0.450971
-0.404529
1.637842
-14.065950
2.554116
-3.630903
-0.151962
-0.300828
-1.389543
-0.080827
1.412728
0.859931
0.435090
12.482971
9
9
-1.795369
7.150934
-0.471587
-0.222453
-7.755749
-2.954098
0.331296
-0.392286
-0.222369
-1.898242
-3.879587
-3.115572
-0.809400
-0.570076
7.090231
-8.835480
0.464882
-6.899000
3.947580
3.065110
4.989796
3.054605
-1.692001
-0.527688
3.842586
-1.016946
5.032943
-2.860719
2.561303
4.795836
0.116360
-17.189694
-8.779247
-2.378411
-5.212539
-7.912213
-9.865385
6.834019
8.625001
-0.685876
3.973525
-4.280318
-3.607913
-2.217753
1.034516
-6.150123
5.924861
21.824306
12.961706
-1.362276
-2.224376
1.715245
0.891486
1.804687
-3.899009
-1.092169
-1.052596
2.028987
-0.483333
9.465351
-3.956211
-4.295324
8.082948
-2.598576
-5.129980
3.002262
-2.311507
-4.138825
0.439901
0.782286
-1.387427
10.453589
1.743359
-1.679049
3.607220
0.923468
-9.315834
-4.643253
-3.880731
-5.642021
-4.619827
1.277220
4.244554
-2.812300
-3.964276
3.125683
0.894122
-2.153646
-5.038173
3.851575
9
9
2.338630
1.213794
-3.517720
-1.681601
0.840439
0.743362
-4.853873
-2.307512
6.076794
8.622103
-2.495722
-1.986748
1.912185
0.470726
15.224454
-0.145075
-8.849143
1.485561
-13.493051
-0.805583
2.402335
-0.968595
3.495467
-0.130757
-6.108721
5.084592
6.215305
-4.928575
6.642660
4.048082
-0.135705
-0.470929
1.084837
-1.341971
-4.570236
-1.250146
1.111220
-1.241319
1.036282
2.269485
-3.906698
3.058487
-2.479032
2.859592
4.626475
-2.327913
3.032570
-3.179942
-2.971163
-0.243127
-1.146698
-1.064524
-4.264345
-1.837767
-0.983328
1.682894
-15.640927
5.584040
2.745979
9.295865
-0.254303
-1.401038
-6.526842
-2.379822
-4.554790
-8.417538
-2.158480
2.985239
0.869745
10.354811
-1.953344
-6.223475
-3.971700
-1.462263
0.585880
-2.018513
-9.009511
-4.610506
-8.989116
5.400286
1.196375
-2.755462
-6.976558
-10.849766
8.397488
0.298629
0.533561
9.893943
11.735708
6.290092
9
9
-2.718618
-2.883751
2.092677
-0.088919
-6.242180
-2.284194
-3.952563
0.697073
1.412688
-0.346209
-0.520492
-1.539622
1.835510
-2.862069
-4.350297
-1.132996
2.734939
-0.987962
-1.310240
3.518216
0.317054
-3.083378
4.607882
-3.926355
-1.201671
-0.681002
-5.352378
2.695513
-9.071167
3.257405
-2.432507
-3.448261
-1.924501
-3.381156
7.245791
-2.161657
-6.467551
1.759189
-2.911737
0.666374
-2.671704
0.536533
-5.440881
6.377648
10.079752
-1.403350
8.403945
-4.333852
3.786227
2.262758
-2.485673
-2.822891
0.539672
-7.111274
-6.072484
-1.885168
3.231479
3.464791
-3.835754
-0.004196
-1.716151
-1.576538
-4.274934
-2.301722
11.613728
-1.313122
9.085670
-0.904179
-11.420560
-1.712405
-2.634408
-1.391656
-2.782941
-1.207985
10.463894
-2.644419
-2.807949
-3.405767
5.401548
6.239839
-3.446803
-6.264888
-10.123992
-2.893666
-10.421477
-3.236239
6.556976
6.235172
7.388799
5.166911
1
9
-3.121000
-1.309646
-5.007900
-0.146488
-5.254045
-0.252593
-6.524448
0.053661
3.815783
-0.093854
-2.368093
-0.160744
-5.359304
-0.229887
-5.955980
-0.190188
7.679064
0.279125
5049999
