5
9
9
-5.210280
3.851754
-1.708336
1.679121
-0.317094
-1.165546
-0.013934
0.654612
0.335666
4.349776
4.446600
-3.769794
-0.557208
1.785052
-2.172923
-1.178773
-1.816150
0.170414
-1.225944
2.167279
0.408465
1.041598
4.293197
0.803854
-3.954657
-1.207090
-0.848580
0.831018
-0.231541
7.120655
-0.802315
1.377971
0.817295
-4.619877
2.177403
-1.300353
-1.297690
0.018738
-1.587415
1.602397
-0.328681
1.131555
-0.530722
-4.634763
3.038118
-1.087254
0.326551
1.010612
0.881517
3.463194
-1.758539
1.709068
-4.095961
2.123735
-5.224275
-1.463083
0.237926
0.617588
1.324916
-5.388173
1.836249
-2.910931
-3.491186
-2.675645
2.274125
-1.317704
0.191309
0.720086
1.089528
2.639459
-1.438563
-2.433811
3.732755
-1.898068
0.668936
-1.625095
1.097417
0.384131
2.271142
-9.388237
2.906388
-3.929389
-1.435181
-0.652217
-2.119572
-0.977927
0.834798
0.310302
0.347333
-1.192468
9
9
-7.208793
4.930941
-4.888797
-1.420132
-4.281673
-9.442627
3.445038
1.051426
5.954655
-1.940479
5.097982
-9.051391
-5.801978
-1.088866
0.303698
3.912300
2.350813
0.336981
-8.213624
6.734792
2.027540
1.958788
-7.803414
-0.809864
1.385439
-1.157543
-1.659391
-8.424638
0.564183
3.019501
3.851344
-6.744237
-2.194331
-1.179420
-7.899099
-1.194281
0.844245
2.712973
-0.824970
-1.515914
2.008198
-3.489137
-11.105645
-1.690657
-1.501382
1.703313
8.819350
2.723799
0.797985
2.224630
-1.666790
-0.191302
2.122666
-0.904555
-5.108278
-1.336639
-2.108411
1.633812
-0.439383
1.011500
-3.987223
-0.162032
8.379118
-1.737481
4.798296
-1.055757
-1.314846
1.071764
4.484233
1.885415
-1.724037
-0.610658
1.506830
-1.316838
2.145773
-1.145088
-1.952021
0.133871
-2.354170
-0.379085
-5.719614
1.353739
6.323437
-1.633988
3.326315
-4.026881
-1.258498
1.047222
-0.407619
5.690107
9
9
1.712473
-0.010876
-5.913708
-1.574849
1.757461
-2.259280
-3.428927
-7.242547
-7.200982
7.077726
-5.977381
-0.849919
-3.307718
-2.977299
0.061002
-0.035117
-6.331829
2.448613
-7.203901
8.363747
-3.358560
-8.385360
-0.853865
-5.409131
-1.614120
-5.642571
5.980390
0.344852
-1.221787
9.350089
-0.696855
-0.901833
-0.645582
-1.342534
-4.563152
-1.420013
1.134882
-1.466095
2.062039
6.617866
-0.805102
-0.713499
2.562512
1.429123
3.054355
-4.049448
4.553433
-0.857345
-1.122589
3.023003
0.063249
-4.283079
-8.380608
-0.541923
-1.980861
-1.221972
-1.607297
3.015899
1.007114
2.182540
1.623892
2.218946
-1.911689
-5.928513
-2.919352
-0.857603
-5.039569
0.951573
-1.783053
3.776534
-0.730960
-0.310100
-4.314587
1.426112
0.650440
-0.507585
-2.513027
2.387843
-5.840182
5.236531
-3.617663
-2.563072
1.204301
3.599160
4.083630
-1.121790
0.318064
7.112345
8.333778
7.557728
9
9
-0.003802
-4.316785
-0.644867
-1.018930
-3.662234
-2.718559
-0.721840
-5.364121
0.841015
2.071514
-4.129878
-1.513123
-1.077561
-1.183791
-3.485854
-4.410939
-0.703576
-3.467017
-5.310228
3.891166
3.401011
-7.164813
-0.536620
-1.053855
0.870455
3.015431
-1.764942
10.413067
-6.120915
2.217341
-0.162567
1.252577
-0.845004
-1.100737
2.370446
-5.116597
-0.974924
7.363274
-4.882866
0.373535
-1.131977
-0.192077
-0.768582
-1.303961
4.394778
2.676175
-0.967514
-2.793229
1.309403
4.785658
-0.664743
-2.496377
-1.010682
-1.232839
-4.243071
-1.069484
-0.599004
0.008928
-5.804210
8.965810
-6.776345
-4.409980
-1.500690
-1.398312
3.799308
0.954942
-1.778019
2.018612
-2.233308
1.108046
-5.342045
-2.730238
-3.049455
-1.312789
2.949949
-1.332999
-4.597240
-4.406416
5.411351
0.829290
5.827415
9.263976
-0.546701
-1.238106
-3.790489
0.285624
2.520835
6.931082
8.713825
0.836914
2
9
-5.038920
8.285540
-0.815195
2.606056
-8.080594
-0.626119
-0.195630
1.440904
-0.252593
0.207745
0.514030
0.053661
-0.092874
-3.610277
-0.093854
-0.988216
6.557845
-0.160744
0.279117
3.904091
-0.229887
4.175854
-7.255790
-0.190188
-7.530370
6.768711
0.279125
108100
