5
9
9
-5.081939
2.426671
-1.694797
0.534304
-2.007615
-1.753706
-0.761162
0.084669
-0.891388
-9.198044
4.407526
-3.058303
1.096527
2.008322
-0.544494
-0.758271
-0.746098
1.170814
-0.477885
7.976637
-1.843967
-0.475145
2.306860
0.538848
-3.937790
-2.009757
-1.124185
-0.177624
-1.214230
-10.967521
-1.746947
0.941637
1.258925
-3.934576
2.451004
-1.252905
-0.414766
0.572050
0.314595
-1.222421
-0.275649
1.199872
0.554157
-2.816368
2.722859
-0.940166
0.075636
0.775871
-1.962588
3.091625
-1.671071
0.574378
-3.541858
1.889488
-4.761492
-1.294581
-0.152600
0.357935
-0.166650
-5.675560
0.836298
-1.517961
-3.966078
-2.817989
0.926874
-1.476645
-0.468392
0.392418
0.356851
-2.098749
-1.670669
-1.521483
1.605727
-1.813628
-1.546686
-1.391563
0.715071
-0.140429
1.901942
-9.359684
1.909917
-4.275102
-0.796161
-0.945027
-2.033742
-0.725026
0.768529
0.215732
-0.209109
1.003337
9
9
-1.805416
5.328285
-0.661112
-0.229277
-7.755395
-1.008210
-1.259031
-2.793969
-1.260029
-0.984954
-3.754786
-3.850365
-1.021141
-0.220031
7.090727
-1.074062
0.180166
-4.015865
4.352477
-0.207810
4.989853
3.042208
-1.692756
-0.527943
3.839397
-1.021811
5.034977
-2.940056
2.561022
4.096816
0.085794
-6.038259
-3.128911
-2.349174
-4.737673
-1.333570
-0.475058
9.932532
7.198050
-0.031686
4.289776
-1.503682
-5.032155
-2.229963
0.930324
-0.732922
3.012587
0.058670
4.313783
-1.964476
-2.224694
1.805931
0.888714
1.804646
-3.898738
-1.230141
-1.049184
1.942725
-0.461429
0.512343
-3.991915
-4.577300
7.027574
-2.606582
-4.747577
-0.889556
-5.123223
-1.958534
-3.081997
-3.342300
-1.385074
1.323900
1.674872
-1.676989
3.606424
-1.109534
-1.815714
-0.756613
-4.710010
-0.908078
-4.434792
-0.417081
3.375877
-2.687482
-3.730909
-1.550849
-0.970818
-0.291631
-7.725772
-2.200946
9
9
2.368600
1.317818
-3.400265
-1.626925
0.746768
0.752042
-5.052860
-2.337189
6.062659
5.614602
-3.098446
-1.891451
1.482277
0.332527
-0.015096
-3.004892
-1.861138
1.367867
-4.565587
0.816973
0.836918
-0.523003
4.380028
1.159903
-5.680734
3.165965
1.090306
-6.564325
5.480902
6.421087
-0.161126
-0.724707
1.072990
-1.338534
-4.621487
-1.252183
1.093441
-1.230849
1.077106
5.415352
-3.987370
1.459640
-2.436120
2.937893
4.731997
-2.147468
2.824172
-3.192445
-3.161252
-3.124701
-0.852047
-1.197851
-2.745955
-0.726666
-2.238521
-0.890006
-0.074056
1.390080
0.474594
4.983243
-0.252532
-0.813602
-3.311024
-2.296738
-1.769546
-2.608915
-2.856721
2.976597
-2.200661
0.515388
-2.522684
-5.552469
-2.812624
-1.100901
0.620800
-1.160127
-3.690733
-1.794999
-8.135866
2.112053
0.339781
-2.365633
-5.565607
-6.778854
5.945744
-1.659067
-2.634606
4.888548
7.822581
3.591969
9
9
-2.253023
-2.105901
2.958466
0.390079
-5.012040
-1.869952
-0.333927
-0.150883
1.626978
0.582334
-0.522410
-1.528388
2.430609
-2.854787
-4.551861
-1.131017
1.511576
-0.987502
-1.237430
5.061519
0.784733
-2.283466
4.673766
-3.096114
0.481257
-0.276378
-2.660827
3.005824
-7.755132
4.781836
-1.956357
-2.747825
-2.631791
-2.978578
2.950692
-1.745940
-6.259453
1.733831
-1.327998
1.839147
-2.672078
0.553291
-3.964485
1.829226
5.141943
-1.405174
2.009597
-5.208711
2.668504
4.736176
-2.017382
-2.039122
1.157174
-1.703368
-4.083563
-1.474784
0.754183
3.576853
-3.494421
0.817550
-1.809696
-1.572630
-3.049268
-1.418489
2.434611
-1.359841
0.158142
-0.038338
-4.375043
3.940472
-2.637907
-1.234235
-1.166152
-0.874716
1.506044
-2.617018
-0.525766
-4.235137
4.907155
4.591765
-3.455818
-6.285547
-7.050201
-3.556220
-8.983526
-3.241396
0.839835
3.599745
3.520061
5.571507
2
9
-3.261250
0.214762
4.229105
-5.279653
0.066955
-3.332968
-2.947275
0.057012
-0.252593
-3.175413
0.054375
0.053661
4.796068
0.103650
-0.093854
-2.652981
-0.095062
-0.160744
6.120420
0.221921
-0.229887
-3.283340
0.236369
-0.190188
-5.056952
0.168050
0.279125
0
